  Duration   Date       Pulse  Maxpulse  Calories
     60  '2020/12/01'    110       130     409.1
     60  '2020/12/02'    117       145     479.0
     60        ''        103       135     340.0
     45  '2020/12/04'    109       175     282.4
     45  '20201205'      117       148     406.0
     60  '2020/12/06'    102       127     300.0
     60  '2020/12/07'    110       136     374.0
     450  '2020/12/08'    104       134     253.3
     60  '2020/12/10'     98       124     269.0
      60  '2020/12/10'     98       124     269.0